(ros) faizal@metro:~/ros2_ws$ py calibrate.py 
Predicted Camera Matrix:
[[381.65496205   0.         327.65836524]
 [  0.         382.26760471 243.63387831]
 [  0.           0.           1.        ]]
True Camera Matrix:
[[378.46         0.         322.57034302]
 [  0.         378.04714966 242.00010681]
 [  0.           0.           1.        ]]
Error: 6.286355867076903
====================================================================================================

Pose 1:
Rotation Matrix (Camera wrt World using camera calibration):
[[ 0.99775495  0.01802979 -0.06449802]
 [-0.01398245  0.99793689  0.06266144]
 [ 0.06549472 -0.06161892  0.99594857]]
Rotation Matrix (IMU wrt World from IMU Data):
[[ 0.99687847 -0.02551567 -0.07471458]
 [ 0.02558718  0.99967259  0.        ]
 [ 0.07469012 -0.00191174  0.99720496]]
Rotation Matrix (IMU wrt Camera):
[[ 0.99917446  0.03890558  0.01169416]
 [-0.03956146  0.99726792  0.06238264]
 [-0.00923518 -0.06279378  0.99798379]]
True angles: [1.4661975997046852, 355.7151772313589, 0]
Predicted angles: [358.96475726679597, 356.30196889685396, 356.39990466654814]
Error: 0.0012386287257617398
====================================================================================================

Pose 2:
Rotation Matrix (Camera wrt World using camera calibration):
[[ 0.99587437 -0.01748492 -0.08904223]
 [-0.04607808  0.74789765 -0.66221289]
 [ 0.07817322  0.66358374  0.74400643]]
Rotation Matrix (IMU wrt World from IMU Data):
[[ 0.74947215  0.65901851 -0.06313557]
 [-0.6603359   0.75097037  0.        ]
 [ 0.04741294  0.04169068  0.99800496]]
Rotation Matrix (IMU wrt Camera):
[[ 0.78051354 -0.47550568  0.40582381]
 [ 0.62495546  0.57779134 -0.5249646 ]
 [ 0.01514217  0.66336379  0.74814384]]
True angles: [318.6745041578258, 356.3801910089486, 0]
Predicted angles: [1.0058591516024895, 354.89149009654943, 41.67110955035599]
Error: 0.19856695033222924
====================================================================================================

Pose 3:
Rotation Matrix (Camera wrt World using camera calibration):
[[ 0.99961509 -0.02035208 -0.01885381]
 [ 0.00592846  0.82059343 -0.57148165]
 [ 0.02710215  0.5711499   0.82039823]]
Rotation Matrix (IMU wrt World from IMU Data):
[[ 0.81664881  0.57703631  0.01066851]
 [-0.57706915  0.81669529  0.        ]
 [-0.00871292 -0.00615647  0.99994309]]
Rotation Matrix (IMU wrt Camera):
[[ 0.8126772  -0.49513604  0.30723943]
 [ 0.5814891   0.65491464 -0.48265645]
 [ 0.03776501  0.57090027  0.8201504 ]]
True angles: [324.7553346524588, 0.6112719318424694, 0]
Predicted angles: [1.1663761453869526, 358.9196925419084, 34.860704237916664]
Error: 0.15827950230068394
====================================================================================================

Pose 4:
Rotation Matrix (Camera wrt World using camera calibration):
[[ 0.99253753 -0.07906894 -0.09282966]
 [ 0.00907853  0.80707946 -0.59037304]
 [ 0.12160108  0.58512465  0.80177448]]
Rotation Matrix (IMU wrt World from IMU Data):
[[ 0.83403797  0.54444108 -0.08924445]
 [-0.54662224  0.83737932  0.        ]
 [ 0.07473146  0.048783    0.99600975]]
Rotation Matrix (IMU wrt Camera):
[[ 0.83193889 -0.46338686  0.30520535]
 [ 0.55391245  0.6613274  -0.50579349]
 [ 0.0325374   0.58984632  0.80685974]]
True angles: [326.8644081743327, 354.8798577153883, 0]
Predicted angles: [4.554758882736853, 354.67358366176586, 36.365443466502214]
Error: 0.1555275489975919
====================================================================================================

Pose 5:
Rotation Matrix (Camera wrt World using camera calibration):
[[ 0.999737    0.01468932 -0.01761146]
 [ 0.00853149  0.47460461  0.88015775]
 [ 0.0212874  -0.88007652  0.47435447]]
Rotation Matrix (IMU wrt World from IMU Data):
[[ 0.49775869 -0.86718606 -0.01498762]
 [ 0.86728347  0.49781461  0.        ]
 [ 0.00746106 -0.01299851  0.99988768]]
Rotation Matrix (IMU wrt Camera):
[[ 0.50518582  0.41236218  0.7581192 ]
 [-0.86298759  0.23496642  0.4472619 ]
 [ 0.00630133 -0.88019783  0.47456514]]
True angles: [60.144479396232164, 359.1412405806247, 0]
Predicted angles: [359.1582029475043, 358.99088552258445, 298.3221169907544]
Error: 0.3967294695148753
====================================================================================================

Pose 6:
Rotation Matrix (Camera wrt World using camera calibration):
[[ 0.99803443 -0.04747915 -0.04090244]
 [ 0.05468183  0.3409444   0.93849177]
 [-0.03061333 -0.93888372  0.3428705 ]]
Rotation Matrix (IMU wrt World from IMU Data):
[[ 0.34643851 -0.93734965 -0.03682387]
 [ 0.93798582  0.34667363  0.        ]
 [ 0.01276586 -0.03454027  0.99932177]]
Rotation Matrix (IMU wrt Camera):
[[ 0.39665754  0.29136675  0.87049883]
 [-0.91549308  0.19513029  0.3518474 ]
 [-0.06734406 -0.93649858  0.34414414]]
True angles: [69.7160060437739, 357.8896705250234, 0]
Predicted angles: [2.723658847072307, 357.65580881252566, 290.06937387468827]
Error: 0.45868178401791465
====================================================================================================

Pose 7:
Rotation Matrix (Camera wrt World using camera calibration):
[[ 0.99961311 -0.0180899  -0.02112804]
 [ 0.02684472  0.4286455   0.90307386]
 [-0.00728008 -0.90329164  0.42896528]]
Rotation Matrix (IMU wrt World from IMU Data):
[[ 0.52318888 -0.85130263 -0.03946162]
 [ 0.85196624  0.52359672  0.        ]
 [ 0.02066197 -0.03361997  0.99922109]]
Rotation Matrix (IMU wrt Camera):
[[ 0.54570684  0.33706328  0.76719775]
 [-0.83667271  0.27020599  0.47641107]
 [-0.04672076 -0.9018742   0.4294649 ]]
True angles: [58.42617707029772, 357.7384285839571, 0]
Predicted angles: [1.0367629896732045, 358.78936231695593, 295.40798733821237]
Error: 0.38991605834828164
====================================================================================================

Pose 8:
Rotation Matrix (Camera wrt World using camera calibration):
[[ 0.99877632  0.00979501 -0.04847588]
 [ 0.03704598  0.50118261  0.8645482 ]
 [ 0.03276352 -0.86528611  0.50020646]]
Rotation Matrix (IMU wrt World from IMU Data):
[[ 0.7144319   0.01544593 -0.69953447]
 [-0.02161483  0.99976637  0.        ]
 [ 0.69937104  0.01512032  0.71459885]]
Rotation Matrix (IMU wrt Camera):
[[ 0.73567079 -0.60899116  0.29651014]
 [ 0.05295975  0.48813341  0.87116074]
 [-0.67526569 -0.6251844   0.39135751]]
True angles: [358.76146503136084, 315.6103332931383, 0]
Predicted angles: [179.43811745821824, 182.77855212768705, 120.05262500025128]
Error: 0.3077418421160683
====================================================================================================

Pose 9:
Rotation Matrix (Camera wrt World using camera calibration):
[[ 0.71679713  0.04562987 -0.69578717]
 [-0.01447784  0.99861535  0.0505744 ]
 [ 0.69713145 -0.02617808  0.71646524]]
Rotation Matrix (IMU wrt World from IMU Data):
[[ 0.57179118 -0.02027965 -0.82014851]
 [ 0.03544459  0.99937164  0.        ]
 [ 0.81963317 -0.02906983  0.57215069]]
Rotation Matrix (IMU wrt Camera):
[[ 0.98073718  0.04002985  0.1911863 ]
 [-0.04927063  0.9978235   0.04382541]
 [-0.18901586 -0.05240108  0.9805749 ]]
True angles: [2.031250964406078, 304.9003365941371, 0]
Predicted angles: [356.3575799230073, 315.9100224129921, 355.9622593080336]
Error: 0.009080983459095724
====================================================================================================

Pose 10:
Rotation Matrix (Camera wrt World using camera calibration):
[[ 0.86703235  0.01643511 -0.49798071]
 [ 0.0286694   0.99615432  0.08279278]
 [ 0.49742634 -0.08606082  0.86322683]]
Rotation Matrix (IMU wrt World from IMU Data):
[[ 0.83863299 -0.05801896 -0.54159811]
 [ 0.06901781  0.99761543  0.        ]
 [ 0.54030663 -0.03737992  0.84063755]]
Rotation Matrix (IMU wrt Camera):
[[ 0.99786338  0.03603618  0.05449831]
 [-0.04029704  0.99604231  0.07922033]
 [-0.05142783 -0.08124719  0.9953663 ]]
True angles: [3.9575754499598235, 327.2075043076069, 0]
Predicted angles: [358.9140544395202, 330.13350548356186, 354.5214736406985]
Error: 0.002384001208158503
====================================================================================================

Pose 11:
Rotation Matrix (Camera wrt World using camera calibration):
[[ 6.21555574e-01 -3.93738965e-02 -7.82379936e-01]
 [ 6.32205880e-02  9.97999578e-01 -2.96856058e-08]
 [ 7.80814847e-01 -4.94625012e-02  6.22801441e-01]]
Rotation Matrix (IMU wrt World from IMU Data):
[[ 0.46143643  0.06538242 -0.88476073]
 [-0.14029192  0.99011018  0.        ]
 [ 0.87601061  0.12412478  0.46604554]]
Rotation Matrix (IMU wrt Camera):
[[ 0.96194114 -0.2015095   0.18456207]
 [ 0.20015263  0.97941566  0.02615117]
 [-0.18603269  0.0117847   0.98247288]]
True angles: [351.9352611654476, 297.7779085345615, 0]
Predicted angles: [3.624681937815808, 308.52099287780817, 359.9999955590468]
Error: 0.016926736591358564
====================================================================================================

Pose 12:
Rotation Matrix (Camera wrt World using camera calibration):
[[ 0.78176587 -0.1046806   0.61472278]
 [ 0.04107085  0.99231192  0.11674858]
 [-0.62221805 -0.06602287  0.78005492]]
Rotation Matrix (IMU wrt World from IMU Data):
[[ 0.78973419 -0.03254393  0.61258534]
 [ 0.04117377  0.999152    0.        ]
 [-0.61206586  0.02522245  0.79040446]]
Rotation Matrix (IMU wrt Camera):
[[ 9.99916714e-01 -1.40228014e-03  1.28295897e-02]
 [-9.95717361e-05  9.93211904e-01  1.16318978e-01]
 [-1.29056130e-02 -1.16310568e-01  9.93129043e-01]]
True angles: [2.359750295902604, 37.776675312487306, 0]
/home/faizal/miniconda3/envs/ros/lib/python3.8/site-packages/scipy/optimize/_minpack_py.py:178: RuntimeWarning: The iteration is not making good progress, as measured by the 
  improvement from the last ten iterations.
  warnings.warn(msg, RuntimeWarning)
Predicted angles: [7.6266965261023225, 37.93178002730729, 351.48788716615314]
Error: 0.003053853061256619
====================================================================================================

Pose 13:
Rotation Matrix (Camera wrt World using camera calibration):
[[ 0.79450932 -0.16961833  0.58308196]
 [ 0.12339663  0.98526029  0.11847122]
 [-0.59458239 -0.02217614  0.80372881]]
Rotation Matrix (IMU wrt World from IMU Data):
[[ 0.80981051 -0.09410628  0.57909494]
 [ 0.11543099  0.9933155   0.        ]
 [-0.57522398  0.0668455   0.81526011]]
Rotation Matrix (IMU wrt Camera):
[[ 0.99966384 -0.01087289  0.02353706]
 [ 0.00805831  0.9931541   0.11653328]
 [-0.02464298 -0.11630444  0.99290785]]
True angles: [6.628484402055742, 35.38691084804959, 0]
Predicted angles: [12.051059505448077, 35.667604332321545, 351.61486933352074]
Error: 0.0031720480138413007
====================================================================================================

Pose 14:
Rotation Matrix (Camera wrt World using camera calibration):
[[ 0.88093509 -0.02899623  0.47234795]
 [-0.01315321  0.99623526  0.08568724]
 [-0.47305429 -0.08169779  0.8772372 ]]
Rotation Matrix (IMU wrt World from IMU Data):
[[ 0.91924391 -0.09508717  0.38203282]
 [ 0.10289163  0.99469257  0.        ]
 [-0.3800052   0.03930798  0.92414876]]
Rotation Matrix (IMU wrt Camera):
[[ 0.98820395  0.10689525  0.10966477]
 [-0.11544384  0.99049361  0.07480066]
 [-0.10062642 -0.08657843  0.99115009]]
True angles: [5.905707890743263, 22.45965687200064, 0]
Predicted angles: [1.8852265234467314, 28.186815189282715, 354.42113012217015]
Error: 0.006700523596502413
====================================================================================================

Pose 15:
Rotation Matrix (Camera wrt World using camera calibration):
[[ 0.66711449  0.01531334  0.74479779]
 [ 0.02563695  0.99872456 -0.04349717]
 [-0.74451394  0.04811194  0.66587104]]
Rotation Matrix (IMU wrt World from IMU Data):
[[ 0.63895699  0.0289604   0.76869712]
 [-0.04527801  0.99897442  0.        ]
 [-0.76790876 -0.03480508  0.63961296]]
Rotation Matrix (IMU wrt Camera):
[[ 0.99681545 -0.07238127 -0.03346498]
 [ 0.07084343  0.99646923 -0.0450586 ]
 [ 0.03660823  0.04254434  0.99842367]]
True angles: [357.4048738251566, 50.23703500476406, 0]
Predicted angles: [358.685029600156, 48.14173389804492, 3.737462728774117]
Error: 0.0018425887185880483

