1.0 0.0 0.0 0.0 0.0 1.0 0.0 0.0 0.0 0.0 1.0 0.0
0.9999899294431053 -0.004360823946472164 -0.0010602956573711464 0.6106697522350966 0.004364734721666277 0.9999835757431291 0.0037144763824025484 0.17306061884027948 0.0010440800652460336 -0.0037190668848278152 0.9999925391913299 -0.7227992552558941
0.9999346869571968 0.011129468200406408 0.002599376346127968 -0.0008609613032478647 -0.0111046404341836 0.9998943629836214 -0.009378157303300673 -0.00027699758067267766 -0.0027034756592518236 0.009348679647634361 0.9999526455828822 0.0010611005405969376
0.9998649437069218 0.016011165828004097 0.003706334413235615 -0.6126842555843738 -0.01595970810337851 0.9997812223307774 -0.013520177218962415 -0.17376638279457293 -0.003921997349507943 0.013459199218576658 0.9999017291180092 0.7252081747117136
0.99980695778619 0.019146540946730965 0.0044110239286949265 -1.2226759752463132 -0.01907281051780328 0.999686989510246 -0.016191074791196892 -0.3466957314511958 -0.004719646308395857 0.01610381860669368 0.9998591860682214 1.447208541701217
0.9997253015587314 0.02284762339231189 0.0052256605924247395 -1.8312715172298428 -0.02274271637347978 0.9995545873822121 -0.01932344935905316 -0.5192750588614935 -0.005664827910856314 0.01919929552091661 0.999799628313714 2.167531462707881
0.9996227567464671 0.02678407495084439 0.00607926999081626 -2.4234139919032978 -0.026640178287612462 0.9993888883333669 -0.02263074847641181 -0.6871414609668285 -0.006681698541385511 0.022460258342812626 0.9997254081495456 2.868395126190211
0.9997501721623828 0.02178889956060772 0.004983685104823481 -3.018614624233458 -0.021693888822351796 0.9995956221001333 -0.018383891481729486 -0.8559525580023521 -0.005382234577735058 0.01827118316328373 0.9998185812520004 3.5728242158642427
0.9997731383526821 0.020762379343468106 0.00475346530724518 -3.609038607078671 -0.020676218738912105 0.9996328940161355 -0.017509174154922175 -1.0233505179013822 -0.005115252397481378 0.017406918306369663 0.9998354031479304 4.271561602880583
0.9997485141238177 0.021861840248930384 0.004996843818838631 -4.199100309653854 -0.021766238375738184 0.9995928909301147 -0.018446768523174933 -1.1906784324641575 -0.005398089864960805 0.018333366927742897 0.9998173574623026 4.969953207358207
0.9997651109845724 0.021126166960153157 0.0048381739921491826 -4.789789984568 -0.021036767644733115 0.9996195577608484 -0.017837997339064948 -1.3581738313357254 -0.00521318185642066 0.017732027847335175 0.9998291843726872 5.669139353975297
0.999764912199735 0.021134868783680955 0.004841245268915675 -5.375844381282339 -0.021045309893166192 0.999619022581127 -0.017857900925180775 -1.52445096709512 -0.005216825256593318 0.017751817243581765 0.9998288142071086 6.362769556166654
0.9996919347291116 0.02419943047450586 0.005515723187014963 -5.979393929305925 -0.024081940834037786 0.999500696444472 -0.02045526662456174 -1.6956686357918813 -0.006007974969333527 0.02031613574786131 0.9997755542445725 7.077145143597761
0.9996595372651909 0.025442368462235222 0.005787524667430116 -6.540674899086642 -0.02531255469989017 0.9994484791807489 -0.02149446528421041 -1.8547856563292004 -0.006331202832742193 0.021340650185054755 0.9997522155616205 7.741516728497464
0.9995272717110657 0.029991518918618267 0.006763275743821489 -7.11845258288014 -0.02981128508149011 0.9992343589413714 -0.025337387253181277 -2.0185639826229798 -0.007518004231371621 0.025123787612174948 0.9996560783131336 8.425396056469964
0.9993981893827603 0.033849618654951466 0.0075803941437170615 -7.695220535155662 -0.033620164866643064 0.9990257314165456 -0.028587977927386234 -2.1820486133214847 -0.008540700954809004 0.028315919277877948 0.9995625368843349 9.10813453074707
0.9993685373111213 0.034674979671276314 0.007757088205332664 -8.269360152211812 -0.0344341757119045 0.9989780251718748 -0.029277854544756888 -2.3447910580293043 -0.008764369667603491 0.028992257733726157 0.9995412121647756 9.787722966695672
0.9994719532606432 0.03170092251054229 0.007132051411354007 -8.8413167452301 -0.03149977244061874 0.999146004058005 -0.026739987118767326 -2.506888043997794 -0.007973642927973623 0.02650120915926623 0.9996169801136596 10.46472721488823
0.9995489411673366 0.029292886944866495 0.006621252577173071 -9.410794131124565 -0.029121134272373957 0.9992707399343175 -0.0246971222982258 -2.6684098404971395 -0.007339873973427266 0.02449316405772067 0.999673052134794 11.138782881043984
0.9996661028752636 0.025194129775252722 0.005739214846088716 -9.977026693979965 -0.025067071328037795 0.9994603597056333 -0.02122807838977707 -2.8289825019932335 -0.006270940696329166 0.02107712508752514 0.9997581858133628 11.80898287903226
0.9997738985257366 0.020724566485775323 0.004758589142427692 -10.543439906050953 -0.02063861971172327 0.9996346878186372 -0.017451025360475995 -2.9896225086090413 -0.005118515707174513 0.017348868946239278 0.9998363953883859 12.47935964366995
0.9997754627664678 0.020652050695249436 0.0047451925330490715 -11.106925444785318 -0.020566619721468848 0.9996371049758671 -0.017397485700555347 -3.1493824156756247 -0.005102764282946649 0.017295986746913034 0.9998373920988967 13.146343087656808
0.9997902219970081 0.01996011660368507 0.004594098860546262 -11.666122150816244 -0.019880279617229976 0.9996609906301593 -0.016813039423925872 -3.307944115073382 -0.004928131645349208 0.016718180448153944 0.9998480964431491 13.808255548956836
0.9997328271588132 0.022530311270404613 0.0051632717442497604 -12.22114614263157 -0.022428514588782512 0.9995680534345214 -0.018991268690199667 -3.4654013650068727 -0.005588920681761938 0.018870390223343785 0.9998063174127432 14.465221064724274
0.9996737792231132 0.024900651658740447 0.005682664933690625 -12.772952582704836 -0.024776302550653252 0.9994725676904159 -0.020993362433075334 -3.621845963319189 -0.006202416117690033 0.02084571853638153 0.9997634650521114 15.11835333017391
0.9997667805978957 0.02104716545415825 0.0048374827405365 -13.320898473170427 -0.020958384250079624 0.9996232331451554 -0.017723935399704602 -3.777226585848372 -0.0052086987382340905 0.017618416012007986 0.9998312161933544 15.767009259636737
0.9997866292274835 0.020129994911857806 0.004634579031059584 -13.86500596767017 -0.020048734519206624 0.9996551650179862 -0.016958752815043335 -3.9314997055364245 -0.004974360473959915 0.016862216868251914 0.9998454487470366 16.411025362690765
0.9997796004991072 0.02045900220516504 0.004709528067114891 -14.409604361190912 -0.020374966272115623 0.9996436015489689 -0.017249076254022996 -4.085968389523782 -0.005060748487724077 0.017149318090700222 0.9998401320780078 17.055661639144475
0.9997738787301211 0.02072305005439139 0.004769340140177678 -14.93455654346672 -0.020636765574634047 0.9996342105002594 -0.017480535007291582 -4.234873137622359 -0.005129845567566722 0.01737815853209859 0.9998358286691306 17.677023483722735
0.9994826331667074 0.03137604646079328 0.007071754141301264 -15.45783008610779 -0.03117855860677305 0.9991626782301903 -0.02649226141871417 -4.383149712918227 -0.007897055232732557 0.026258068100369524 0.9996240045028374 18.29641587544179
0.9994524578817452 0.03228052088947953 0.007263085104968841 -15.974874969367733 -0.032071639604716054 0.9991142882359059 -0.02724057591028754 -4.529742517536587 -0.008135992084760875 0.026992721499745676 0.9996025203143671 18.90840860105941
0.9995596626590671 0.028940261584131183 0.006553017956152174 -16.4807763661648 -0.028772451389685982 0.9992881910517754 -0.024397894693987114 -4.673148466609903 -0.007254434913878589 0.02419860499931341 0.9996808494165368 19.507222847195663
0.9995100562561616 0.03052970895186447 0.0068981384531973285 -16.984102964214475 -0.03034280262151611 0.9992079453633363 -0.02574482961396267 -4.815928851310567 -0.007678656905780102 0.025522907242215297 0.9996447466145306 20.103082074200827
0.9992969997907681 0.036588027212319074 0.008174501445352601 -17.482703876053016 -0.03631962851556606 0.9988633324822542 -0.030869525537937228 -4.957326343112686 -0.009294664795498562 0.030550929399229647 0.999489994906994 20.693336781209204
0.9992655982869446 0.03739765242791146 0.008347435121983658 -17.97292131588855 -0.03711711192900682 0.9988126294002682 -0.0315539435344052 -5.096375462932784 -0.00951756703596583 0.03122093758047667 0.9994671925452645 21.273670994595637
0.9991391771788309 0.04049814413015432 0.00898915726985279 -18.459806637035094 -0.04016906542163589 0.9986079891218488 -0.03418377166390309 -5.234489787893215 -0.010361023576904613 0.03379325944668249 0.9993751371764306 21.850063895916648
0.9992153851711288 0.038658455958935474 0.008610332176176481 -18.942602982274273 -0.03835856930562358 0.9987312250420894 -0.0326276000765172 -5.371329378896539 -0.009860740242935723 0.03227171995414174 0.9994304887750144 22.42153388378223
0.9988411899630114 0.04701371013503209 0.010295061564423504 -19.415311812642724 -0.04657062283960863 0.9981250476126448 -0.03971859031469653 -5.50521239605722 -0.012143077106192376 0.03919311658435682 0.999157868052291 22.981106370426858
0.998902648898185 0.04574475465156024 0.010045668024511853 -19.883901290450385 -0.045325010398139416 0.9982243692676479 -0.038649088380134006 -5.6380719044991 -0.011795823693095718 0.03815135675274806 0.999202348136416 23.53578380703115
0.9990977932616238 0.04146309786938681 0.00918754672526386 -20.34626564189891 -0.041117917789222455 0.9985403625791833 -0.03502086716391971 -5.769195056929602 -0.010626209880946114 0.03461149831064587 0.9993443489850032 24.083106552574435
0.999165496157217 0.039870525393741196 0.008868624117173164 -20.81748185783994 -0.03955115454004293 0.9986502760574878 -0.03366500118601441 -5.902813749627976 -0.010198895207532034 0.03328614329014089 0.9993938238759613 24.64096696154303
0.999514171653675 0.030395551056302796 0.006894283099268712 -21.255936892813505 -0.030209635932347566 0.9992148361251595 -0.02563375049046526 -6.027003824257881 -0.00766802192903393 0.02541302310541037 0.9996476277650745 25.16002533602262
0.9995321131875228 0.02982691750168575 0.006775669652070983 -21.696205079645303 -0.029647764413364495 0.9992437359269472 -0.025158821038534937 -6.151867741130777 -0.007520955536098577 0.024946166100365607 0.9996605043837224 25.681174503740703
0.9995921595603108 0.027841765979040076 0.0063522132146166446 -22.13334185395558 -0.027685524204033148 0.9993407757467477 -0.02348458386768871 -6.2758114205263205 -0.007001877969763604 0.023299141551975204 0.9997040180512623 26.19862036069491
0.999766489314014 0.021053010745432622 0.004872123077720493 -22.56311630832292 -0.020963539649009457 0.9996228587124648 -0.01773894993810473 -6.3976791298470514 -0.005243743902610383 0.017632670758420954 0.9998307817184916 26.70733621410106
0.9999162114005216 0.012598680258315122 0.002973791212766246 -22.984032145606115 -0.012566578781893727 0.9998650915880055 -0.010577321089482816 -6.517080356650144 -0.0031066503097131088 0.010539064449005956 0.9999396366003271 27.20566972546444
0.9999516068595407 0.00957144913980741 0.002274049337123566 -23.39863192543025 -0.009552975275249972 0.9999223648980294 -0.008000302502054562 -6.634663965366059 -0.002350447279573844 0.007978191405199078 0.9999654113315568 27.69642707534026
0.9999805115633142 0.006071224268316641 0.001454898435405058 -23.803470026890324 -0.006063838537983514 0.9999689730074721 -0.0050282088827648345 -6.749404199667241 -0.0014853806780786214 0.005019288621632338 0.9999863000991442 28.17560832435839
0.9999826829371985 0.0057225608834478876 0.0013733618093243194 -24.208126659496003 -0.005715999889021123 0.9999724549650825 -0.004734623150457832 -6.864106751349758 -0.001400418149265347 0.004726691024740998 0.9999878485366539 28.654699376837733
0.9999991486186263 -0.0012723604571897244 -0.0002895874475673162 -24.62079700177893 0.0012726964252881817 0.9999985138957099 0.0011629489173998657 -6.981126941525757 0.0002881073269917669 -0.0011633164841964767 0.9999992818442056 29.143233719067382
0.999970781010142 -0.007431534105658288 -0.0017914873158983442 -25.005461320670904 0.007442767277044443 0.9999521568521353 0.006347379146209378 -7.090184175713389 0.0017442308408970207 -0.0063605273053749505 0.9999782504390643 29.598535236038288
0.9998977209017412 -0.013891094632792991 -0.003403707596983637 -25.385900654100347 0.013930363597228924 0.9998333548464456 0.011798623078782147 -7.1980314730577355 0.0032392445958816427 -0.011844831210657816 0.9999246007914993 30.048845163186733
0.9998005240348808 -0.019385817523085297 -0.004806476728203632 -25.757392143549712 0.019462395021207484 0.99967553159422 0.01643309806023272 -7.30333593309779 0.004486348138024489 -0.016523365600882085 0.9998534147911899 30.488520962975404
0.9995730208833049 -0.028332080222916285 -0.007146268429439942 -26.118467718409974 0.028495885857056417 0.9993065026742238 0.023968692126145826 -7.405689396847037 0.0064622296032353045 -0.024162097244622902 0.9996871673905269 30.915917102106423
0.9993158721640951 -0.03582947175390458 -0.009167147579761344 -26.466548639229377 0.036091965893503546 0.9988896091307233 0.030280666581469624 -7.5044062699729315 0.00807202817481745 -0.03059081111236137 0.999499397016642 31.327900437990447
0.9991834824437534 -0.039126098847246445 -0.010075554603475402 -26.801154170841286 0.039439565258681974 0.9986748574361802 0.03306130392220191 -7.599275189991034 0.008768643211933385 -0.03343168428041859 0.9994025382109022 31.72401132134377
0.9988654336987881 -0.04608014915586852 -0.012019368348728722 -27.123379179434192 0.04651588016178469 0.9981590866008028 0.03891928479597993 -7.690594385917055 0.010203835284043285 -0.03943421978471309 0.9991700676338656 32.10541924720385
0.9984742578009134 -0.05338630574188307 -0.01410882235154487 -27.43030266498844 0.053972404498629487 0.9975247379038792 0.045070797889975894 -7.777609463797402 0.011667735922168822 -0.04576351853864541 0.9988841596048111 32.46867639271148
0.9980505237827465 -0.06029044023142737 -0.01613117459094031 -27.135717375481878 0.06103966438217093 0.9968371780324518 0.05089007628621018 -7.694064271100019 0.013011969454871266 -0.051775508775916926 0.9985739758985792 32.12000194958095
0.9979220133467386 -0.06222770032406242 -0.016714322910841968 -26.85667305159596 0.06302696456160627 0.996628033904531 0.05253726081311001 -7.614985121001258 0.0133886898589483 -0.05348154212411421 0.9984790772148823 31.78970684086222
0.9978743964034472 -0.06292871693315939 -0.01693120159940989 -27.124532960288366 0.06374669021085667 0.9965509507168674 0.05312779039706762 -7.69093079380965 0.013529541367484979 -0.05409416983797791 0.9984441758555763 32.10671174104828
0.9981222754899661 -0.059171618803622233 -0.015831699178816244 -27.37694694853543 0.059894829341708714 0.9969534710205694 0.04996384731155999 -7.762474813397072 0.012827025721387855 -0.050818265891352264 0.9986255410627819 32.405448554405346
0.9980268366579863 -0.060642759469737434 -0.01627541195627 -27.613437545732577 0.061403144513911274 0.9967988120058554 0.05120334195661598 -7.829435145799267 0.013118199352589715 -0.05210167087165312 0.9985556212540805 32.68532315642692
0.997355403492193 -0.07011795297573471 -0.019122546781611762 -27.84414463126644 0.07113665509860978 0.9957104535781377 0.05916307071652175 -7.894770671724656 0.014892126319082443 -0.06036692228132448 0.9980651578268683 32.958301761166126
0.9965080527474948 -0.08045734030977636 -0.022323019501623444 -28.041986179385972 0.08180182083779358 0.994336804334229 0.06784380335757738 -7.950854571700044 0.016738067899680346 -0.06943296001667396 0.9974461895993703 33.19243867551887
0.9959583745538254 -0.08648343227030478 -0.0242390614266812 -28.231924350745288 0.08803943629857032 0.9934459281435578 0.07289887181035523 -8.004699571873754 0.017775652233560667 -0.07473823517946072 0.9970447444272124 33.41723319996725
0.9962076474547669 -0.08380244101310995 -0.02339816302362138 -28.40717206373946 0.08526361022744736 0.9938500815770502 0.07065502190418273 -8.054321280299375 0.017333202924369146 -0.0723820850041155 0.9972263503572468 33.62460830834835
0.9965379207570281 -0.08010756261520023 -0.02224749210826634 -28.237112727236898 0.08144289011108535 0.994385259204609 0.06756487198939656 -8.00613437622026 0.01671012099324739 -0.06914285710354928 0.9974668100583317 33.42336197726122
0.9970917855225969 -0.073482734114774 -0.02020542081653863 -28.07100329821422 0.07460624862515895 0.9952823801837307 0.06202331305159662 -7.959088673084057 0.015552456701005543 -0.06335038660365871 0.997870156687595 33.226782609114544
0.9972988372543552 -0.07084097716929788 -0.019405802348954646 -27.906033468279702 0.07188546154582039 0.9956177331606957 0.05981479611526011 -7.912342726870056 0.01508342233883829 -0.06104822167487742 0.9980208439711461 33.03154517273405
0.9971043282282086 -0.07331894785824 -0.020181439827976756 -27.742177257960478 0.07443943401171192 0.9953020888346508 0.06190737133334801 -7.865923283684606 0.015547645885640655 -0.0632304028640488 0.997877841652504 32.83764949999607
0.9970409127748425 -0.07410492266859803 -0.020442081336944168 -27.572570914036213 0.07525099356071747 0.9951993511299569 0.06257427169888058 -7.817909514206623 0.01570688451697821 -0.06392739590192757 0.9978309385020908 32.63699541631184
0.9970717577448054 -0.07371763057519486 -0.020337670713722725 -27.726146930752442 0.07485267432348316 0.9952496610628433 0.0622510184730036 -7.861410551841992 0.015652062301913253 -0.06359106145271505 0.99785329074419 32.81874559704217
0.9972332205503863 -0.07167083611680423 -0.019728027803596192 -27.886048891159728 0.07274465120558496 0.9955118557048217 0.060533964615980394 -7.9067225869461595 0.015300965710657272 -0.061801588988224604 0.9979711639355352 33.00800180279859
0.9974444075367024 -0.06890018890934695 -0.018905497666278158 -28.0485247649695 0.06989361615202826 0.9958549056180719 0.05820557857819877 -7.95273324138109 0.014816757234493785 -0.05937820243731319 0.9981255896831634 33.200244798383004
0.9972063289037956 -0.07200382100587333 -0.019874288786418223 -28.20063918794543 0.07309021540787132 0.9954703269981104 0.060800069719655264 -7.995794466958986 0.015406427419827378 -0.062082830370710516 0.9979520851059507 33.380224026086424
0.996970106836032 -0.07495241455813989 -0.020802442819342837 -28.35887931064855 0.07613134128527507 0.9950875186481745 0.06328387713101659 -8.040644056218717 0.015956971813345495 -0.0646758516181554 0.9977787376307486 33.56747624371651
0.9968780865195287 -0.07606514690699125 -0.02117012147288725 -28.517564574036637 0.07728107106903856 0.9949385612626401 0.06422534832182203 -8.085599767091825 0.016177659644733344 -0.06566089200319511 0.9977108451799848 33.75523294090571
0.9967777540661092 -0.07725953198199718 -0.02156556785345885 -28.67970130483787 0.07851568327239619 0.9947765420482342 0.06522973915964811 -8.131527647985815 0.016413301897783533 -0.06671278819304442 0.9976372123233563 33.947045226412364
0.9963038190493211 -0.08268152741796043 -0.02329088172584815 -28.84340425978807 0.08412238477522334 0.9940090573033632 0.06978121795023644 -8.17790193581911 0.017381729702858447 -0.07148257845603041 0.9972903872242076 34.14070519498942
